59842
40756
4751
26943
36295
37025
44547
43515
20530
55373
12127
57667
21464
54580
44212
27156
8505
26279
29163
37062
11153
39361
64522
29894
3723
25686
62551
58450
46918
6029
23421
598
52561
296
38661
52735
62543
64013
22465
21269
29262
1722
50545
16436
35532
23460
9847
24165
26678
63446
28878
21309
50801
3164
7933
48419
5691
49801
2040
1894
29686
57133
18054
56171
20977
47279
56179
19397
63486
64166
16622
22462
9504
34526
43921
12227
62872
12808
64227
22533
17705
11755
5632
60435
50089
15402
36186
34561
55042
38762
14158
48574
49640
13744
11636
24337
49149
14831
7213
25672
22321
15465
30527
24948
53471
26106
36221
29251
1126
6642
1283
56156
36332
16566
22890
34232
32791
58327
4082
58503
13313
9743
31529
60472
16548
12259
51836
21809
57297
10178
27159
11421
13226
64343
16297
35711
27109
41831
26701
28321
41684
44065
50706
64216
40694
30100
57328
48884
28519
41849
32900
43446
63928
9374
48573
48236
57140
45390
63834
62697
59450
31138
16050
20852
11947
22656
41219
10577
62567
25284
54722
47839
64844
15320
56163
51089
56397
42459
42483
17331
29366
15395
21231
36680
50241
57086
35945
52137
44027
51199
31670
49587
12793
33440
56615
25699
39437
40477
35771
26084
27953
7979
50315
3993
64352
52006
45392
47852
14215
58962
46818
61121
33827
64631
64343
28306
35465
39560
30338
759
39313
22879
14994
41349
12341
22868
75
61982
15966
62622
7799
15394
38752
24417
7572
9349
61223
36930
62239
39226
15038
53150
29120
62607
14190
56886
45391
5737
20105
47802
39194
38941
47262
40966
33971
44021
11771
8397
21937
57794
13816
2234
34754
18500
12058
27402
54860
62970
63886
35802
14316
19805
6288
59320
55983
38643
36756
54486
4101
14594
29317
9961
55247
47007
26288
64137
51721
12888
20662
45706
17837
40207
23838
8840
1207
62002
331
32983
61423
62314
41916
45151
27800
15719
16659
44126
31097
57836
43361
52494
4972
62163
13118
28915
17041
22465
61977
35663
21533
33000
24489
10595
34914
33202
55057
11656
31915
28905
26715
3519
58325
38636
11620
6754
31405
38975
64468
48768
17692
61793
47893
56686
62052
27255
50995
15598
10351
46219
13000
10595
31608
55521
53350
52609
1995
7040
10287
12733
14805
9947
44524
25897
64693
58808
4135
55771
44108
7233
34509
44732
7250
16359
59634
10223
21990
2447
41686
27106
22366
62662
38946
8771
55820
9126
38991
57678
36549
42939
25867
48568
16122
55120
53650
31268
7413
22956
14310
52356
19734
55009
14945
60102
19230
32383
28385
60547
27950
52900
25037
31601
2308
30727
11228
19637
64163
57061
17160
53095
50457
24918
63111
49585
47637
13513
13454
6550
29168
46030
28704
2340
2069
23884
12887
19424
40274
30044
40709
19624
24289
14344
54561
50320
64645
19877
2518
60568
1346
49588
52729
14736
63622
5682
29422
23444
5123
18533
43654
9582
37953
14286
34381
23525
33447
65035
64467
50762
32283
28065
13654
16381
38718
18364
46723
54070
15688
21702
52470
59318
59545
39607
51391
26786
13002
34150
3086
5141
7469
12861
28481
20695
38160
53381
41270
21414
46182
27558
51279
47541
42124
42021
32830
14800
29506
8269
32897
40209
5828
34139
28927
52118
32874
59201
15022
40320
7342
1659
4689
3263
55088
49867
33121
56684
30807
40316
19790
24652
31767
24642
42389
25266
52518
17718
56881
65456
51413
47801
60349
60721
46411
57891
10605
9295
14581
41843
52552
49928
11791
63922
3291
40717
23433
27977
57882
55653
39983
26985
48657
33297
61839
47688
15035
60713
100
29017
4166
12548
52210
13646
37166
37572
62415
37806
44366
42070
44894
54117
48053
263
43752
33095
59037
60531
24381
4884
14834
24269
36121
35253
50264
2526
62621
37379
35355
42950
58947
51983
57810
65430
53460
15250
12628
53440
54963
44125
30749
40279
53020
17727
1856
45094
60762
940
45176
57208
54150
10255
25203
21426
51019
42749
63925
60051
30970
51269
14417
55408
42702
3473
42242
39211
27422
1822
8309
36503
13201
5479
32668
18943
60512
3172
28880
12004
31931
63190
30797
7619
9081
45060
21741
11097
58611
61073
41167
7009
3881
36358
55340
45492
55205
11417
1144
49682
27140
31108
22488
51693
1538
9433
57006
26838
23424
13708
46945
6014
29083
29812
46367
27438
36533
38151
65067
10350
47499
11514
47803
35609
10861
25865
48051
59713
63115
32031
43485
8373
12662
53041
44026
51522
61804
23705
62766
43018
1375
13291
39807
22249
42704
5943
51242
64986
8455
54996
30510
41015
55832
20859
53589
9341
41895
6525
51735
28495
61677
26400
14725
47663
61516
27468
42959
36782
28620
53861
31952
25158
30940
34643
10176
42178
14209
41237
4861
17213
50969
4920
8935
48837
4733
55953
63130
25491
63817
13469
55986
50968
14445
8281
8961
8153
13165
15518
36085
4490
11643
49369
4849
11392
63798
6995
48702
56382
51758
60039
8851
38459
28
59245
12531
19496
18369
43895
30979
64504
52284
26708
5372
32843
58476
61454
50877
52704
22009
15212
63732
43559
4607
49521
46972
46288
2425
57179
27409
46621
10427
39628
28526
26158
44140
43647
1361
62111
18264
51880
52447
4144
6602
29664
54667
20854
24724
31693
28826
15062
20088
32863
44915
21119
30159
12167
49339
29242
62697
6109
64457
25501
42363
10543
12980
20225
31041
171
1313
34251
879
35166
10923
31225
45707
370
38918
21379
10338
40236
42884
6209
22780
29796
2422
6375
1312
13400
50229
42379
54378
59506
23527
35436
52536
42820
53314
41535
26966
51142
18521
51937
48182
37914
25201
41886
28233
64720
26151
56863
4016
16525
21011
17459
65106
39310
35222
22976
53167
64517
62602
11041
37097
38646
46679
8599
58942
54314
21966
57634
64147
56476
45186
16858
38442
27679
25626
29255
40177
58104
19374
34101
38976
52448
12319
60374
63527
27898
5434
14634
1419
37783
29768
40387
25291
1969
56302
44928
48229
63699
36601
42921
26807
14671
58482
28586
7516
51706
64720
49486
13432
35522
20319
46939
54338
37990
10588
24322
29239
57771
21206
56758
57564
61438
7625
19055
20049
62068
28381
26830
14875
3391
11888
34984
36098
60607
45317
10604
13761
26879
18771
61067
15303
59009
28922
32069
21987
52848
61684
5324
10353
62580
44316
60439
15539
40469
16394
30000
7431
20669
21298
45151
20078
42689
35842
23259
56031
27370
